441|Dennis|qwerty9876|8900.40332
442|Menna|131512312|7000.54
441|Mohamed|121312351|56000
442|Menna|131512312|7000.54
441|Mohamed|121312351|56000
442|Menna|131512312|7000.54
441|Mohamed|121312351|56000
442|Menna|131512312|7000.54
441|Mohamed|121312351|56000
442|Menna|131512312|7000.54
441|Mohamed|121312351|56000
442|Menna|131512312|7000.54
441|Mohamed|121312351|56000
442|Menna|131512312|7000.54
441|Mohamed|121312351|56000
442|Menna|131512312|7000.54
441|Mohamed|121312351|56000
442|Menna|131512312|7000.54
